NUMPOLLIES 48

//============
// Floor 1
//============
 0.0 0.01  0.0  0.0  0.0  1
 0.0 0.01 10.0  0.0  10.0 1
15.0 0.01 10.0  10.0 10.0 1
15.0 0.01  0.0  10.0 0.0  1

 0.0 0.01   0.0  0.0  0.0  1
 0.0 0.01 -10.0  0.0  10.0 1
15.0 0.01 -10.0  10.0 10.0 1
15.0 0.01   0.0  10.0 0.0  1

  0.0 0.01  0.0  0.0  0.0  1
  0.0 0.01 10.0  0.0  10.0 1
-15.0 0.01 10.0  10.0 10.0 1
-15.0 0.01  0.0  10.0 0.0  1

  0.0 0.01   0.0  0.0  0.0  1
  0.0 0.01 -10.0  0.0  10.0 1
-15.0 0.01 -10.0  10.0 10.0 1
-15.0 0.01   0.0  10.0 0.0  1

 0.0 0.0  0.0  0.0  0.0  3
 0.0 0.0 20.0  0.0  20.0 3
20.0 0.0 20.0  20.0 20.0 3
20.0 0.0  0.0  20.0 0.0  3

 0.0 0.0   0.0  0.0  0.0  3
 0.0 0.0 -20.0  0.0  20.0 3
20.0 0.0 -20.0  20.0 20.0 3
20.0 0.0   0.0  20.0 0.0  3

  0.0 0.0  0.0  0.0  0.0  3
  0.0 0.0 20.0  0.0  20.0 3
-20.0 0.0 20.0  20.0 20.0 3
-20.0 0.0  0.0  20.0 0.0  3

  0.0 0.0   0.0  0.0  0.0  3
  0.0 0.0 -20.0  0.0  20.0 3
-20.0 0.0 -20.0  20.0 20.0 3
-20.0 0.0   0.0  20.0 0.0  3

//=============
// Ceiling
//=============
 0.0 5.0  0.0  0.0  0.0  5
 0.0 5.0 10.0  0.0  10.0 5
15.0 5.0 10.0  10.0 10.0 5
15.0 5.0  0.0  10.0 0.0  5

 0.0 5.0   0.0  0.0  0.0  5
 0.0 5.0 -10.0  0.0  10.0 5
15.0 5.0 -10.0  10.0 10.0 5
15.0 5.0   0.0  10.0 0.0  5

  0.0 5.0  0.0  0.0  0.0  5
  0.0 5.0 10.0  0.0  10.0 5
-15.0 5.0 10.0  10.0 10.0 5
-15.0 5.0  0.0  10.0 0.0  5

  0.0 5.0   0.0  0.0  0.0  5
  0.0 5.0 -10.0  0.0  10.0 5
-15.0 5.0 -10.0  10.0 10.0 5
-15.0 5.0   0.0  10.0 0.0  5

//=============
// Building 1
//=============
// Front Wall - Left
// Bottom
-15.0 0.0 10.0 0.0 0.0 4
-15.0 0.0 9.0  0.0 10.0 4
-3.0  0.0 9.0  10.0 10.0 4
-3.0  0.0 10.0 10.0 0.0 4

// Front
-15.0 0.0 10.0 0.0 0.0 4
-15.0 5.0 10.0 0.0 10.0 4
-3.0  5.0 10.0 10.0 10.0 4
-3.0  0.0 10.0 10.0 0.0 4

// Back
-15.0 0.0 9.0 0.0 0.0 4
-15.0 5.0 9.0 0.0 10.0 4
-3.0  5.0 9.0 10.0 10.0 4
-3.0  0.0 9.0 10.0 0.0 4

// Left
-15.0 0.0  9.0 0.0 0.0 2
-15.0 5.0  9.0 0.0 10.0 2
-15.0 5.0 10.0 10.0 10.0 2
-15.0 0.0 10.0 10.0 0.0 2

// Right
-3.0 0.0  9.0 0.0 0.0 2
-3.0 5.0  9.0 0.0 10.0 2
-3.0 5.0 10.0 10.0 10.0 2
-3.0 0.0 10.0 10.0 0.0 2

// Top
-15.0 5.0 10.0 0.0 0.0 4
-15.0 5.0 9.0  0.0 10.0 4
-3.0  5.0 9.0  10.0 10.0 4
-3.0  5.0 10.0 10.0 0.0 4

// Front Wall - Right
// Bottom
 15.0 0.0 10.0 0.0 0.0 4
 15.0 0.0 9.0  0.0 10.0 4
 3.0  0.0 9.0  10.0 10.0 4
 3.0  0.0 10.0 10.0 0.0 4

// Front
 15.0 0.0 10.0 0.0 0.0 4
 15.0 5.0 10.0 0.0 10.0 4
 3.0  5.0 10.0 10.0 10.0 4
 3.0  0.0 10.0 10.0 0.0 4

// Back
 15.0 0.0 9.0 0.0 0.0 4
 15.0 5.0 9.0 0.0 10.0 4
 3.0  5.0 9.0 10.0 10.0 4
 3.0  0.0 9.0 10.0 0.0 4

// Left
 15.0 0.0  9.0 0.0 0.0 2
 15.0 5.0  9.0 0.0 10.0 2
 15.0 5.0 10.0 10.0 10.0 2
 15.0 0.0 10.0 10.0 0.0 2

// Right
 3.0 0.0  9.0 0.0 0.0 2
 3.0 5.0  9.0 0.0 10.0 2
 3.0 5.0 10.0 10.0 10.0 2
 3.0 0.0 10.0 10.0 0.0 2

// Top
 15.0 5.0 10.0 0.0 0.0 4
 15.0 5.0 9.0  0.0 10.0 4
 3.0  5.0 9.0  10.0 10.0 4
 3.0  5.0 10.0 10.0 0.0 4

// Back Wall - Right
// Bottom
 15.0 0.0 -10.0 0.0 0.0 4
 15.0 0.0 -9.0  0.0 10.0 4
 3.0  0.0 -9.0  10.0 10.0 4
 3.0  0.0 -10.0 10.0 0.0 4

// Front
 15.0 0.0 -10.0 0.0 0.0 4
 15.0 5.0 -10.0 0.0 10.0 4
 3.0  5.0 -10.0 10.0 10.0 4
 3.0  0.0 -10.0 10.0 0.0 4

// Back
 15.0 0.0 -9.0 0.0 0.0 4
 15.0 5.0 -9.0 0.0 10.0 4
 3.0  5.0 -9.0 10.0 10.0 4
 3.0  0.0 -9.0 10.0 0.0 4

// Left
 15.0 0.0  -9.0 0.0 0.0 2
 15.0 5.0  -9.0 0.0 10.0 2
 15.0 5.0 -10.0 10.0 10.0 2
 15.0 0.0 -10.0 10.0 0.0 2

// Right
 3.0 0.0  -9.0 0.0 0.0 2
 3.0 5.0  -9.0 0.0 10.0 2
 3.0 5.0 -10.0 10.0 10.0 2
 3.0 0.0 -10.0 10.0 0.0 2

// Top
 15.0 5.0 -10.0 0.0 0.0 4
 15.0 5.0 -9.0  0.0 10.0 4
 3.0  5.0 -9.0  10.0 10.0 4
 3.0  5.0 -10.0 10.0 0.0 4

// Back Wall - Left
// Bottom
-15.0 0.0 -10.0 0.0 0.0 4
-15.0 0.0 -9.0  0.0 10.0 4
-3.0  0.0 -9.0  10.0 10.0 4
-3.0  0.0 -10.0 10.0 0.0 4

// Front
-15.0 0.0 -10.0 0.0 0.0 4
-15.0 5.0 -10.0 0.0 10.0 4
-3.0  5.0 -10.0 10.0 10.0 4
-3.0  0.0 -10.0 10.0 0.0 4

// Back
-15.0 0.0 -9.0 0.0 0.0 4
-15.0 5.0 -9.0 0.0 10.0 4
-3.0  5.0 -9.0 10.0 10.0 4
-3.0  0.0 -9.0 10.0 0.0 4

// Left
-15.0 0.0  -9.0 0.0 0.0 2
-15.0 5.0  -9.0 0.0 10.0 2
-15.0 5.0 -10.0 10.0 10.0 2
-15.0 0.0 -10.0 10.0 0.0 2

// Right
-3.0 0.0  -9.0 0.0 0.0 2
-3.0 5.0  -9.0 0.0 10.0 2
-3.0 5.0 -10.0 10.0 10.0 2
-3.0 0.0 -10.0 10.0 0.0 2

// Top
-15.0 5.0 -10.0 0.0 0.0 4
-15.0 5.0 -9.0  0.0 10.0 4
-3.0  5.0 -9.0  10.0 10.0 4
-3.0  5.0 -10.0 10.0 0.0 4

// Right Wall
// Bottom
-15.0 0.0 -9.0 0.0 0.0 2
-15.0 0.0  9.0  0.0 10.0 2
-14.0 0.0  9.0  10.0 10.0 2
-14.0 0.0 -9.0 10.0 0.0 2

// Front
 15.0  0.0 -9.0 0.0 0.0 2
 15.0  5.0 -9.0 0.0 10.0 2
 14.0  5.0 -9.0 10.0 10.0 2
 14.0  0.0 -9.0 10.0 0.0 2

// Back
 15.0 0.0 9.0 0.0 0.0 2
 15.0 5.0 9.0 0.0 10.0 2
 14.0 5.0 9.0 10.0 10.0 2
 14.0 0.0 9.0 10.0 0.0 2

// Left
 15.0 0.0  9.0 0.0 0.0 4
 15.0 5.0  9.0 0.0 10.0 4
 15.0 5.0 -9.0 10.0 10.0 4
 15.0 0.0 -9.0 10.0 0.0 4

// Right
 14.0 0.0  9.0 0.0 0.0 4
 14.0 5.0  9.0 0.0 10.0 4
 14.0 5.0 -9.0 10.0 10.0 4
 14.0 0.0 -9.0 10.0 0.0 4

// Top
 15.0 5.0  9.0 0.0 0.0 4
 15.0 5.0  9.0 0.0 10.0 4
 14.0 5.0  9.0 10.0 10.0 4
 14.0 5.0 -9.0 10.0 0.0 4

// Left Wall
// Bottom
-15.0 0.0 -9.0 0.0 0.0 2
-15.0 0.0  9.0  0.0 10.0 2
-14.0 0.0  9.0  10.0 10.0 2
-14.0 0.0 -9.0 10.0 0.0 2

// Front
-15.0  0.0 -9.0 0.0 0.0 2
-15.0  5.0 -9.0 0.0 10.0 2
-14.0  5.0 -9.0 10.0 10.0 2
-14.0  0.0 -9.0 10.0 0.0 2

// Back
-15.0 0.0 9.0 0.0 0.0 2
-15.0 5.0 9.0 0.0 10.0 2
-14.0 5.0 9.0 10.0 10.0 2
-14.0 0.0 9.0 10.0 0.0 2

// Left
-15.0 0.0  9.0 0.0 0.0 4
-15.0 5.0  9.0 0.0 10.0 4
-15.0 5.0 -9.0 10.0 10.0 4
-15.0 0.0 -9.0 10.0 0.0 4

// Right
-14.0 0.0  9.0 0.0 0.0 4
-14.0 5.0  9.0 0.0 10.0 4
-14.0 5.0 -9.0 10.0 10.0 4
-14.0 0.0 -9.0 10.0 0.0 4

// Top
-15.0 5.0  9.0 0.0 0.0 4
-15.0 5.0  9.0 0.0 10.0 4
-14.0 5.0  9.0 10.0 10.0 4
-14.0 5.0 -9.0 10.0 0.0 4


//============
// Crate
//============
// Bottom
-1.0 0.0 -1.0 0.0 0.0 2
-1.0 0.0  0.0 0.0 1.0 2
 0.0 0.0  0.0 1.0 1.0 2
 0.0 0.0 -1.0 1.0 0.0 2

// Front
-1.0 0.0 -1.0 0.0 0.0 2
-1.0 1.0 -1.0 0.0 1.0 2
 0.0 1.0 -1.0 1.0 1.0 2
 0.0 0.0 -1.0 1.0 0.0 2

// Back
-1.0 0.0  0.0 0.0 0.0 2
-1.0 1.0  0.0 0.0 1.0 2
 0.0 1.0  0.0 1.0 1.0 2
 0.0 0.0  0.0 1.0 0.0 2

// Left
-1.0 0.0  0.0 0.0 0.0 2
-1.0 1.0  0.0 0.0 1.0 2
-1.0 1.0 -1.0 1.0 1.0 2
-1.0 0.0 -1.0 1.0 0.0 2

// Right
 0.0 0.0  0.0 0.0 0.0 2
 0.0 1.0  0.0 0.0 1.0 2
 0.0 1.0 -1.0 1.0 1.0 2
 0.0 0.0 -1.0 1.0 0.0 2

// Top
-1.0 1.0 -1.0 0.0 0.0 2
-1.0 1.0  0.0 0.0 1.0 2
 0.0 1.0  0.0 1.0 1.0 2
 0.0 1.0 -1.0 1.0 0.0 2
